0
30131
33698
38413
31387
8311
-76151
-52577
-77684
-62103
-11653
101000
36856
41871
56734
-12904
-1584
42392
-9116
-19309
-108927
9785
-34598
53409
21401
106205
-32699
-45486
72642
-36378
-98101
22514
-184242
-167823
26575
-6066
-66434
206743
-29839
-114594
73264
-62510
-137241
1771
27204
-21701
258924
64221
7948
119654
35278
-400
181580
-24929
24048
-149950
-176937
120933
92219
-9454
193661
-251309
-22761
122202
-39534
-153325
262332
-52757
-169011
-125256
179293
75279
44495
-42161
-52063
62443
-94118
160355
48876
-119415
-26923
-205411
-136336
46972
178590
-243059
-223703
148607
-297133
127231
22057
161736
120217
-127285
72233
22795
191185
-77335
-32817
-298119
141237
391688
-102025
44971
-18653
-18011
-5122
44645
-161042
-77106
-46084
-141541
183205
-76911
84164
145977
176250
219582
-172257
11347
196518
-152044
86293
-16336
-123961
146407
284302
22083
-68726
-34185
-159847
-146382
51972
-350962
100716
-88225
-11547
182828
50145
137169
-185776
32320
-177612
60322
-126237
-104542
218
151284
-967
-108040
109101
140155
-35841
-148719
17929
-177750
-114539
161187
227432
-135591
281392
63834
-44363
50177
104895
-231194
16547
-63275
95272
59150
136041
199521
5966
19406
-214225
-102826
-125670
-79867
-155792
100368
96885
-161880
94141
161313
190506
7002
165153
-7217
6127
-151091
10175
-259924
511104
-46842
105305
267749
-239202
-47601
-252241
193105
-259513
-6892
-287273
20096
110234
164192
-8880
-30001
150228
-142658
-184291
-78548
-169070
96380
-29417
-196104
161235
-135153
79611
24349
-37991
-1010
-192333
-244818
167155
-126821
121644
-31648
31546
-92281
96622
-13016
129210
13473
-45938
56626
-104684
143098
-178853
124308
71992
60125
224996
-65649
-8440
-58117
70164
-186007
188118
124546
61436
-97358
-92966
-210
-55469
141202
