6
-48
-122
-118
3
169
285
229
-30
-252
-332
-203
63
292
335
160
-106
-316
-325
-128
158
329
302
86
-190
-335
-282
-38
221
345
233
-14
-258
-347
-193
72
286
327
168
-110
-301
-309
-126
140
306
296
83
-181
-314
-252
-23
216
311
199
-27
-245
-328
-199
72
306
346
162
-125
-324
-300
-93
164
282
253
52
-177
-286
-239
-19
213
315
221
-21
-252
-321
-177
74
282
312
132
-114
-303
-304
-134
139
333
306
88
-178
-348
-284
-23
223
322
232
-12
-273
-352
-211
65
327
368
165
-126
-327
-323
-97
178
322
283
50
-223
-358
-248
23
258
355
215
-57
-276
-328
-185
84
305
312
148
-113
-323
-307
-113
133
306
287
79
-185
-328
-269
-30
230
345
235
-23
-255
-326
-195
71
295
337
158
-121
-312
-315
-106
161
310
260
61
-181
-309
-243
-20
225
324
228
-31
-273
-336
-180
67
289
325
152
-118
-320
-318
-110
180
342
291
58
-201
-328
-254
-27
231
337
229
-26
-282
-357
-194
75
280
317
156
-102
-279
-286
-119
149
316
284
64
-199
-330
-258
-22
239
351
245
-16
-273
-360
-218
70
303
342
155
-132
-332
-313
-94
183
346
305
52
-215
-336
-269
-13
232
319
198
-36
-242
-307
-172
52
261
311
173
-70
-294
-318
-130
155
319
287
78
-207
-338
