6
-48
-116
-160
-161
-107
-54
99
223
257
189
59
-169
-218
-83
138
378
290
-4
-256
-288
-98
85
318
267
92
-75
-263
-295
-216
-69
180
251
182
67
-83
-155
-290
-222
40
297
315
226
22
-196
-292
-240
-97
228
266
156
-118
-207
-310
-193
75
351
265
-15
-187
-388
-294
19
257
500
328
-7
-362
-366
-276
94
315
368
183
-134
-305
-296
-110
82
375
396
152
-302
-471
-287
36
274
420
241
-78
-330
-446
-264
97
357
418
145
-77
-473
-365
-117
199
354
194
36
-304
-449
-194
-5
372
475
266
28
-327
-415
-195
200
314
361
114
-108
-263
-333
-111
155
436
382
46
-202
-373
-299
-9
290
394
244
51
-365
-494
-276
54
323
412
212
-248
-438
-383
-176
207
460
363
124
-355
-414
-306
65
372
437
363
-3
-362
-426
-215
85
302
441
107
-134
-332
-378
-125
182
375
320
88
-259
-434
-322
-18
335
432
264
-96
-316
-343
-270
86
399
386
174
-190
-376
-317
-145
182
389
276
7
-275
-477
-340
-53
278
450
330
-89
-312
-395
-153
86
327
417
302
-152
-393
-356
-44
260
443
405
43
-234
-444
-352
-21
239
372
247
-82
-357
-382
-193
218
348
384
135
-79
-387
-384
-144
197
370
341
12
-216
-451
-360
-75
245
489
281
6
-277
-473
-290
83
432
