0
32767
-1
-1
32766
-32769
0
-32768
-1
65536
-32767
114685
-2
16638
-81918
-61694
16642
45053
3837
48895
-86014
-69373
-49404
119292
-4355
122624
-53245
-20225
82174
-28420
-78080
52738
-167676
139517
-45569
135419
-57598
20479
-134908
180474
-110593
102144
-16637
29179
28416
74236
-201216
106498
-139260
66043
64511
107003
-81922
73215
-163324
90618
7677
73728
24577
81913
32766
148218
-344576
175872
-155387
12794
101120
155897
-101891
101631
-237306
136185
-29443
98559
19970
86265
24574
152314
-344576
175872
-155387
12794
101120
155897
-101891
101631
-237306
136185
-29443
98559
19970
86265
24574
152314
-344576
175872
-155387
12794
101120
155897
-101891
101631
-237306
136185
-29443
98559
19970
86265
24574
152314
-344576
175872
-155387
12794
101120
155897
-101891
101631
-237306
136185
-29443
98559
19970
86265
24574
152314
-344576
175872
-155387
12794
101120
155897
-101891
101631
-237306
136185
-29443
98559
19970
86265
24574
152314
-344576
175872
-155387
12794
101120
155897
-101891
101631
-237306
136185
-29443
98559
19970
86265
24574
152314
-344576
175872
-155387
12794
101120
155897
-101891
101631
-237306
136185
-29443
98559
19970
86265
24574
152314
-344576
175872
-155387
12794
101120
155897
-101891
101631
-237306
136185
-29443
98559
19970
86265
24574
152314
-344576
175872
-155387
12794
101120
155897
-101891
101631
-237306
136185
-29443
98559
19970
86265
24574
152314
-344576
175872
-155387
12794
101120
155897
-101891
101631
-237306
136185
-29443
98559
19970
86265
24574
152314
-344576
175872
-155387
12794
101120
155897
-101891
101631
-237306
136185
-29443
98559
19970
86265
24574
152314
-344576
175872
-155387
12794
101120
155897
-101891
101631
-237306
136185
-29443
98559
19970
86265
24574
152314
-344576
175872
